Sample	Relief: 0. Flat substrate, sandy, rubble with few features. ~0 substrate slope.	Relief: 1. Some relief features amongst mostly flat substrate/sand/rubble. <45 degree substrate slope.	Relief: 2. Mostly relief features amongst some flat substrate or rubble. ~45 substrate slope.	Relief: 3. Good relief structure with some overhangs. >45 substrate slope.	Relief: 4. High structural complexity, fissures and caves. Vertical wall. ~90 substrate slope.	Relief: 5. Exceptional structural complexity, numerous large holes and caves. Vertical wall. ~90 substrate slope.	fieldofview.Open	Biota: Consolidated	Biota: Hydroids 	Biota: Macroalgae	Biota: Octocoral.Black	Biota: Sponges	Biota: Stony.corals	Biota: Unconsolidated
NCB1446	7.0	3.0	0.0	0.0	0.0	0.0	20.0	0.0	0.0	0.0	0.0	1.0	0.0	9.0
NCB1447	6.0	3.0	0.0	0.0	0.0	0.0	20.0	0.0	0.0	0.0	0.0	1.0	0.0	8.0
NCB1448	10.0	0.0	0.0	0.0	0.0	0.0	20.0	0.0	0.0	0.0	0.0	0.0	0.0	10.0
NCB1449	10.0	0.0	0.0	0.0	0.0	0.0	20.0	0.0	0.0	0.0	0.0	0.0	0.0	10.0
NCB1450	10.0	0.0	0.0	0.0	0.0	0.0	20.0	0.0	0.0	0.0	0.0	0.0	0.0	10.0
NCB1451	10.0	0.0	0.0	0.0	0.0	0.0	20.0	0.0	0.0	0.0	0.0	0.0	0.0	10.0
NCB1452	9.0	0.0	1.0	0.0	0.0	0.0	20.0	0.0	0.0	1.0	0.0	0.0	0.0	9.0
NCB1453	5.0	0.0	0.0	0.0	0.0	0.0	20.0	0.0	0.0	0.0	0.0	0.0	0.0	5.0
NCB1454	10.0	0.0	0.0	0.0	0.0	0.0	20.0	0.0	0.0	0.0	0.0	0.0	0.0	10.0
NCB1455	7.0	0.0	0.0	0.0	0.0	0.0	20.0	0.0	0.0	0.0	0.0	0.0	0.0	7.0
NCB1456	10.0	0.0	0.0	0.0	0.0	0.0	20.0	0.0	0.0	0.0	0.0	0.0	0.0	10.0
NCB1457	10.0	0.0	0.0	0.0	0.0	0.0	20.0	0.0	0.0	0.0	0.0	0.0	0.0	10.0
NCB1458	10.0	0.0	0.0	0.0	0.0	0.0	20.0	0.0	0.0	0.0	0.0	0.0	0.0	10.0
NCB1459	5.0	0.0	0.0	0.0	0.0	0.0	20.0	0.0	0.0	0.0	0.0	0.0	0.0	5.0
NCB1460	10.0	0.0	0.0	0.0	0.0	0.0	20.0	0.0	0.0	0.0	0.0	0.0	0.0	10.0
NCB1461	10.0	0.0	0.0	0.0	0.0	0.0	20.0	0.0	0.0	0.0	0.0	0.0	0.0	10.0
NCB1462	10.0	0.0	0.0	0.0	0.0	0.0	20.0	0.0	0.0	0.0	0.0	0.0	0.0	10.0
NCB1463	10.0	0.0	0.0	0.0	0.0	0.0	20.0	0.0	0.0	0.0	0.0	0.0	0.0	10.0
NCB1464	9.0	1.0	0.0	0.0	0.0	0.0	20.0	0.0	0.0	0.0	0.0	0.0	0.0	10.0
NCB1465	9.0	1.0	0.0	0.0	0.0	0.0	20.0	0.0	0.0	0.0	0.0	0.0	0.0	10.0
NCB1466	10.0	0.0	0.0	0.0	0.0	0.0	20.0	0.0	0.0	0.0	0.0	0.0	0.0	10.0
NCB1467	10.0	0.0	0.0	0.0	0.0	0.0	20.0	0.0	0.0	0.0	0.0	0.0	0.0	10.0
NCB1468	5.0	2.0	1.0	0.0	2.0	0.0	20.0	0.0	0.0	0.0	0.0	2.0	0.0	8.0
NCB1469	10.0	0.0	0.0	0.0	0.0	0.0	20.0	0.0	0.0	0.0	0.0	0.0	0.0	10.0
NCB1470	8.0	2.0	0.0	0.0	0.0	0.0	20.0	0.0	0.0	0.0	0.0	0.0	0.0	10.0
NCB1471	8.0	1.0	0.0	0.0	0.0	0.0	20.0	0.0	0.0	0.0	0.0	0.0	0.0	9.0
NCB1472	10.0	0.0	0.0	0.0	0.0	0.0	20.0	0.0	0.0	0.0	0.0	0.0	0.0	10.0
NCB1473	9.0	0.0	0.0	0.0	0.0	0.0	20.0	0.0	0.0	0.0	0.0	0.0	0.0	9.0
NCB1474	10.0	0.0	0.0	0.0	0.0	0.0	20.0	0.0	0.0	0.0	0.0	0.0	0.0	10.0
NCB1475	10.0	0.0	0.0	0.0	0.0	0.0	20.0	0.0	0.0	0.0	0.0	0.0	0.0	10.0
NCB1476	10.0	0.0	0.0	0.0	0.0	0.0	20.0	0.0	1.0	0.0	0.0	0.0	0.0	9.0
NCB1477	1.0	2.0	6.0	1.0	0.0	0.0	20.0	0.0	0.0	0.0	1.0	2.0	0.0	7.0
NCB1478	10.0	0.0	0.0	0.0	0.0	0.0	20.0	0.0	0.0	0.0	0.0	0.0	0.0	10.0
NCB1479	0.0	4.0	5.0	1.0	0.0	0.0	20.0	0.0	0.0	0.0	2.0	1.0	0.0	7.0
NCB1480	3.0	4.0	3.0	0.0	0.0	0.0	20.0	0.0	0.0	0.0	0.0	1.0	0.0	9.0
NCB1481	4.0	6.0	0.0	0.0	0.0	0.0	20.0	0.0	0.0	0.0	2.0	1.0	0.0	7.0
NCB1482	2.0	5.0	7.0	1.0	0.0	0.0	20.0	0.0	1.0	0.0	1.0	1.0	0.0	12.0
NCB1483	10.0	0.0	0.0	0.0	0.0	0.0	20.0	0.0	0.0	0.0	0.0	0.0	0.0	10.0
NCB1484	2.0	7.0	1.0	0.0	0.0	0.0	20.0	0.0	0.0	0.0	0.0	0.0	0.0	10.0
NCB1485	7.0	3.0	0.0	0.0	0.0	0.0	20.0	0.0	0.0	0.0	0.0	0.0	0.0	10.0
NCB1486	5.0	5.0	0.0	0.0	0.0	0.0	20.0	0.0	0.0	0.0	0.0	0.0	0.0	10.0
NCB1487	10.0	0.0	0.0	0.0	0.0	0.0	20.0	0.0	0.0	0.0	0.0	0.0	0.0	10.0
NCB1488	3.0	4.0	6.0	0.0	0.0	0.0	20.0	0.0	0.0	0.0	1.0	3.0	2.0	7.0
NCB1489	0.0	2.0	3.0	5.0	0.0	0.0	20.0	0.0	0.0	0.0	0.0	6.0	0.0	4.0
NCB1490	9.0	6.0	0.0	0.0	0.0	0.0	20.0	0.0	1.0	0.0	0.0	0.0	1.0	13.0
NCB1491	0.0	8.0	0.0	2.0	0.0	0.0	20.0	0.0	0.0	0.0	4.0	2.0	0.0	4.0
NCB1492	1.0	2.0	4.0	3.0	0.0	0.0	20.0	0.0	0.0	0.0	4.0	2.0	0.0	4.0
NCB1493	1.0	6.0	2.0	0.0	0.0	0.0	20.0	0.0	0.0	0.0	2.0	1.0	0.0	6.0
NCB1494	0.0	2.0	4.0	4.0	0.0	0.0	20.0	0.0	0.0	0.0	4.0	4.0	0.0	2.0
NCB1495	3.0	2.0	4.0	2.0	0.0	0.0	20.0	0.0	0.0	0.0	0.0	3.0	0.0	8.0
NCB1496	0.0	10.0	0.0	0.0	0.0	0.0	20.0	0.0	0.0	0.0	0.0	0.0	0.0	10.0
NCB1497	11.0	0.0	0.0	0.0	0.0	0.0	20.0	0.0	0.0	0.0	0.0	0.0	0.0	11.0
NCB1498	5.0	5.0	0.0	0.0	0.0	0.0	20.0	0.0	0.0	0.0	0.0	0.0	0.0	10.0
NCB1499	10.0	0.0	0.0	0.0	0.0	0.0	20.0	0.0	0.0	0.0	0.0	0.0	0.0	10.0
NCB1500	11.0	0.0	0.0	0.0	0.0	0.0	20.0	0.0	0.0	0.0	0.0	0.0	0.0	11.0
NCB1501	10.0	0.0	0.0	0.0	0.0	0.0	20.0	0.0	0.0	0.0	0.0	0.0	0.0	10.0
NCB1502	10.0	0.0	0.0	0.0	0.0	0.0	20.0	0.0	0.0	0.0	0.0	0.0	0.0	10.0
NCB1503	9.0	1.0	0.0	0.0	0.0	0.0	20.0	0.0	0.0	0.0	0.0	0.0	0.0	10.0
NCB1504	10.0	0.0	0.0	0.0	0.0	0.0	20.0	0.0	0.0	0.0	0.0	0.0	0.0	10.0
NCB1535	0.0	10.0	0.0	0.0	0.0	0.0	20.0	0.0	0.0	9.0	0.0	0.0	1.0	0.0
NCB1536	0.0	0.0	1.0	6.0	5.0	2.0	19.0	10.0	0.0	0.0	0.0	0.0	4.0	0.0
NCB1537	1.0	7.0	1.0	1.0	0.0	0.0	20.0	0.0	0.0	0.0	0.0	5.0	0.0	5.0
NCB1538	2.0	5.0	3.0	0.0	0.0	0.0	20.0	0.0	0.0	1.0	2.0	0.0	0.0	7.0
NCB1539	9.0	0.0	0.0	0.0	0.0	0.0	20.0	0.0	0.0	0.0	0.0	0.0	0.0	9.0
NCB1540	10.0	0.0	0.0	0.0	0.0	0.0	20.0	0.0	0.0	0.0	0.0	0.0	0.0	10.0
NCB1541	10.0	0.0	0.0	0.0	0.0	0.0	20.0	0.0	0.0	0.0	0.0	0.0	0.0	10.0
NCB1542	10.0	0.0	0.0	0.0	0.0	0.0	20.0	0.0	0.0	0.0	0.0	0.0	0.0	10.0
NCB1543	3.0	7.0	0.0	0.0	0.0	0.0	20.0	0.0	0.0	0.0	0.0	0.0	0.0	10.0
NCB1544	0.0	7.0	1.0	2.0	0.0	0.0	20.0	0.0	0.0	0.0	4.0	1.0	0.0	5.0
