Sample	Relief: 0. Flat substrate, sandy, rubble with few features. ~0 substrate slope.	Relief: 1. Some relief features amongst mostly flat substrate/sand/rubble. <45 degree substrate slope.	Relief: 2. Mostly relief features amongst some flat substrate or rubble. ~45 substrate slope.	Relief: 3. Good relief structure with some overhangs. >45 substrate slope.	fieldofview.Limited	fieldofview.Open	Biota: Consolidated	Biota: Macroalgae	Biota: Octocoral.Black	Biota: Sponges	Biota: Stony.corals	Biota: Unconsolidated
MNCB199	0.0	9.0	0.0	1.0	0.0	20.0	1.0	0.0	0.0	0.0	0.0	9.0
MNCB200	0.0	1.0	1.0	5.0	0.0	20.0	6.0	0.0	0.0	0.0	0.0	1.0
MNCB202	9.0	1.0	0.0	0.0	0.0	20.0	0.0	0.0	0.0	0.0	0.0	10.0
MNCB203	0.0	3.0	0.0	2.0	0.0	20.0	2.0	0.0	0.0	0.0	0.0	3.0
MNCB204	0.0	0.0	0.0	12.0	0.0	20.0	9.0	0.0	0.0	0.0	3.0	0.0
MNCB205	0.0	1.0	0.0	9.0	0.0	20.0	8.0	0.0	0.0	0.0	1.0	1.0
MNCB206	10.0	0.0	0.0	0.0	0.0	20.0	0.0	0.0	0.0	0.0	0.0	10.0
MNCB207	0.0	10.0	0.0	0.0	0.0	20.0	0.0	0.0	0.0	0.0	0.0	10.0
MNCB208	10.0	0.0	0.0	0.0	0.0	20.0	0.0	0.0	0.0	0.0	0.0	10.0
MNCB209	10.0	0.0	0.0	0.0	0.0	20.0	0.0	0.0	0.0	0.0	0.0	10.0
MNCB210	10.0	0.0	0.0	0.0	0.0	20.0	0.0	0.0	0.0	0.0	0.0	10.0
MNCB211	10.0	0.0	0.0	0.0	0.0	20.0	0.0	0.0	0.0	0.0	0.0	10.0
MNCB212	10.0	0.0	0.0	0.0	0.0	20.0	0.0	0.0	0.0	0.0	0.0	10.0
MNCB213	10.0	0.0	0.0	0.0	0.0	20.0	0.0	0.0	0.0	0.0	0.0	10.0
MNCB214	0.0	10.0	0.0	0.0	0.0	20.0	0.0	10.0	0.0	0.0	0.0	0.0
MNCB215	0.0	10.0	0.0	0.0	0.0	20.0	0.0	10.0	0.0	0.0	0.0	0.0
MNCB216	4.0	6.0	0.0	0.0	0.0	20.0	0.0	6.0	0.0	0.0	0.0	4.0
MNCB217	5.0	15.0	0.0	0.0	0.0	20.0	0.0	15.0	0.0	0.0	0.0	5.0
MNCB218	0.0	10.0	0.0	0.0	0.0	20.0	0.0	10.0	0.0	0.0	0.0	0.0
MNCB221	0.0	5.0	0.0	0.0	0.0	20.0	0.0	5.0	0.0	0.0	0.0	0.0
MNCB222	0.0	5.0	0.0	4.0	0.0	20.0	4.0	5.0	0.0	0.0	0.0	0.0
MNCB223	0.0	10.0	0.0	0.0	0.0	20.0	0.0	10.0	0.0	0.0	0.0	0.0
MNCB224	1.0	6.0	0.0	2.0	0.0	20.0	2.0	5.0	0.0	0.0	0.0	2.0
MNCB225	0.0	10.0	0.0	0.0	0.0	20.0	0.0	10.0	0.0	0.0	0.0	0.0
MNCB226	2.0	13.0	0.0	0.0	0.0	20.0	0.0	13.0	0.0	0.0	0.0	2.0
MNCB227	0.0	1.0	0.0	0.0	0.0	20.0	0.0	1.0	0.0	0.0	0.0	0.0
MNCB228	0.0	9.0	0.0	0.0	0.0	20.0	0.0	9.0	0.0	0.0	0.0	0.0
MNCB229	0.0	7.0	0.0	0.0	0.0	20.0	0.0	7.0	0.0	0.0	0.0	0.0
MNCB230	0.0	3.0	0.0	2.0	0.0	20.0	1.0	3.0	0.0	0.0	1.0	0.0
MNCB231	0.0	8.0	0.0	0.0	0.0	20.0	0.0	8.0	0.0	0.0	0.0	0.0
MNCB232	0.0	10.0	0.0	0.0	0.0	20.0	0.0	10.0	0.0	0.0	0.0	0.0
MNCB233	0.0	10.0	0.0	0.0	0.0	20.0	0.0	0.0	0.0	0.0	0.0	10.0
MNCB235	0.0	7.0	6.0	2.0	10.0	10.0	7.0	7.0	0.0	0.0	1.0	0.0
MNCB236	0.0	10.0	0.0	0.0	1.0	19.0	0.0	6.0	0.0	0.0	0.0	4.0
MNCB237	0.0	11.0	0.0	0.0	5.0	15.0	0.0	1.0	5.0	0.0	0.0	5.0
MNCB238	0.0	9.0	0.0	0.0	0.0	20.0	0.0	2.0	0.0	0.0	0.0	7.0
MNCB239	0.0	10.0	0.0	0.0	0.0	20.0	0.0	10.0	0.0	0.0	0.0	0.0
MNCB240	0.0	5.0	0.0	0.0	0.0	20.0	0.0	5.0	0.0	0.0	0.0	0.0
MNCB241	1.0	8.0	0.0	0.0	0.0	20.0	0.0	5.0	0.0	0.0	0.0	5.0
MNCB242	2.0	5.0	6.0	0.0	1.0	19.0	6.0	2.0	0.0	0.0	0.0	6.0
MNCB243	1.0	9.0	0.0	0.0	0.0	20.0	0.0	9.0	0.0	0.0	0.0	1.0
MNCB244	0.0	5.0	0.0	0.0	0.0	20.0	0.0	5.0	0.0	0.0	0.0	0.0
MNCB245	5.0	0.0	0.0	0.0	0.0	20.0	0.0	0.0	0.0	0.0	0.0	5.0
MNCB246	10.0	0.0	0.0	0.0	0.0	20.0	0.0	0.0	0.0	0.0	0.0	10.0
MNCB247	10.0	0.0	0.0	0.0	0.0	20.0	0.0	0.0	0.0	0.0	0.0	10.0
MNCB248	0.0	10.0	0.0	0.0	0.0	20.0	0.0	3.0	0.0	0.0	0.0	7.0
MNCB249	0.0	10.0	0.0	0.0	0.0	20.0	0.0	10.0	0.0	0.0	0.0	0.0
MNCB250	0.0	10.0	0.0	0.0	0.0	20.0	0.0	10.0	0.0	0.0	0.0	0.0
MNCB251	0.0	4.0	0.0	0.0	0.0	20.0	0.0	4.0	0.0	0.0	0.0	0.0
MNCB252	2.0	6.0	0.0	0.0	0.0	20.0	0.0	6.0	0.0	0.0	0.0	2.0
MNCB253	0.0	3.0	0.0	0.0	0.0	20.0	0.0	3.0	0.0	0.0	0.0	0.0
MNCB254	0.0	11.0	6.0	0.0	8.0	12.0	6.0	6.0	0.0	0.0	0.0	5.0
MNCB255	0.0	10.0	0.0	0.0	0.0	20.0	0.0	10.0	0.0	0.0	0.0	0.0
MNCB256	0.0	19.0	0.0	0.0	0.0	20.0	0.0	19.0	0.0	0.0	0.0	0.0
MNCB257	0.0	18.0	0.0	0.0	0.0	20.0	0.0	18.0	0.0	0.0	0.0	0.0
MNCB258	0.0	5.0	5.0	0.0	0.0	20.0	5.0	5.0	0.0	0.0	0.0	0.0
MNCB259	0.0	8.0	0.0	0.0	0.0	20.0	0.0	8.0	0.0	0.0	0.0	0.0
MNCB260	0.0	6.0	0.0	0.0	0.0	20.0	0.0	6.0	0.0	0.0	0.0	0.0
MNCB261	0.0	7.0	0.0	0.0	0.0	20.0	0.0	7.0	0.0	0.0	0.0	0.0
MNCB262	3.0	4.0	0.0	0.0	0.0	20.0	0.0	4.0	0.0	0.0	0.0	3.0
MNCB263	0.0	8.0	0.0	0.0	0.0	20.0	0.0	8.0	0.0	0.0	0.0	0.0
MNCB266	0.0	6.0	4.0	0.0	0.0	20.0	4.0	6.0	0.0	0.0	0.0	0.0
MNCB267	0.0	13.0	0.0	0.0	0.0	20.0	0.0	8.0	0.0	0.0	0.0	5.0
MNCB268	0.0	7.0	0.0	0.0	2.0	18.0	0.0	6.0	0.0	0.0	0.0	1.0
MNCB269	5.0	1.0	13.0	0.0	0.0	20.0	13.0	0.0	0.0	0.0	0.0	6.0
MNCB270	0.0	6.0	0.0	0.0	0.0	20.0	0.0	6.0	0.0	0.0	0.0	0.0
MNCB271	10.0	0.0	6.0	0.0	0.0	20.0	6.0	0.0	0.0	0.0	0.0	10.0
NCB1275	10.0	0.0	0.0	0.0	0.0	20.0	0.0	0.0	0.0	0.0	0.0	10.0
NCB1276	10.0	0.0	0.0	0.0	0.0	20.0	0.0	0.0	0.0	0.0	0.0	10.0
NCB1277	10.0	0.0	0.0	0.0	0.0	20.0	0.0	0.0	0.0	0.0	0.0	10.0
NCB1278	10.0	0.0	0.0	0.0	0.0	20.0	0.0	0.0	0.0	0.0	0.0	10.0
NCB1279	10.0	0.0	0.0	0.0	0.0	20.0	0.0	0.0	0.0	0.0	0.0	10.0
NCB1280	0.0	10.0	0.0	0.0	1.0	19.0	0.0	5.0	2.0	0.0	0.0	3.0
NCB1281	4.0	2.0	4.0	0.0	0.0	20.0	1.0	1.0	0.0	0.0	3.0	5.0
NCB1282	2.0	3.0	0.0	0.0	0.0	20.0	0.0	1.0	2.0	0.0	0.0	2.0
NCB1283	10.0	0.0	0.0	0.0	0.0	20.0	0.0	0.0	0.0	0.0	0.0	10.0
NCB1284	10.0	0.0	0.0	0.0	0.0	20.0	0.0	0.0	0.0	0.0	0.0	10.0
NCB1285	10.0	0.0	0.0	0.0	0.0	20.0	0.0	0.0	0.0	0.0	0.0	10.0
NCB1286	10.0	0.0	0.0	0.0	0.0	20.0	0.0	0.0	0.0	0.0	0.0	10.0
NCB1287	10.0	0.0	0.0	0.0	0.0	20.0	0.0	0.0	0.0	0.0	0.0	10.0
NCB1288	10.0	0.0	0.0	0.0	0.0	20.0	0.0	0.0	0.0	0.0	0.0	10.0
NCB1289	10.0	0.0	0.0	0.0	0.0	20.0	0.0	0.0	0.0	0.0	0.0	10.0
NCB1290	10.0	0.0	0.0	0.0	0.0	20.0	0.0	0.0	0.0	0.0	0.0	10.0
NCB1291	7.0	2.0	1.0	0.0	0.0	20.0	0.0	0.0	2.0	0.0	1.0	7.0
NCB1292	10.0	0.0	0.0	0.0	0.0	20.0	0.0	0.0	0.0	0.0	0.0	10.0
NCB1293	9.0	0.0	0.0	0.0	0.0	20.0	0.0	0.0	0.0	0.0	0.0	9.0
NCB1294	2.0	7.0	1.0	0.0	0.0	20.0	1.0	0.0	0.0	0.0	0.0	9.0
NCB1295	10.0	0.0	0.0	0.0	0.0	20.0	0.0	0.0	0.0	0.0	0.0	10.0
NCB1296	10.0	0.0	0.0	0.0	0.0	20.0	0.0	0.0	0.0	0.0	0.0	10.0
NCB1297	10.0	0.0	0.0	0.0	0.0	20.0	0.0	0.0	0.0	0.0	0.0	10.0
NCB1298	10.0	0.0	0.0	0.0	0.0	20.0	0.0	0.0	0.0	0.0	0.0	10.0
NCB1299	10.0	0.0	0.0	0.0	0.0	20.0	0.0	0.0	0.0	0.0	0.0	10.0
NCB1300	10.0	0.0	0.0	0.0	0.0	20.0	0.0	0.0	0.0	0.0	0.0	10.0
NCB1301	0.0	10.0	0.0	0.0	0.0	20.0	0.0	0.0	0.0	0.0	0.0	10.0
NCB1302	0.0	10.0	0.0	0.0	0.0	20.0	0.0	0.0	0.0	0.0	0.0	10.0
NCB1303	10.0	0.0	0.0	0.0	0.0	20.0	0.0	0.0	0.0	0.0	0.0	10.0
NCB1304	10.0	0.0	0.0	0.0	0.0	20.0	0.0	0.0	0.0	0.0	0.0	10.0
NCB1305	10.0	0.0	0.0	0.0	0.0	20.0	0.0	0.0	0.0	0.0	0.0	10.0
NCB1306	9.0	1.0	0.0	0.0	0.0	20.0	0.0	1.0	0.0	0.0	0.0	9.0
NCB1307	0.0	10.0	0.0	0.0	0.0	20.0	0.0	0.0	0.0	0.0	0.0	10.0
NCB1308	0.0	10.0	0.0	0.0	0.0	20.0	0.0	10.0	0.0	0.0	0.0	0.0
NCB1309	0.0	10.0	0.0	0.0	0.0	20.0	0.0	0.0	0.0	0.0	0.0	10.0
NCB1310	0.0	10.0	0.0	0.0	0.0	20.0	0.0	0.0	0.0	0.0	0.0	10.0
NCB1311	0.0	10.0	0.0	0.0	0.0	20.0	0.0	3.0	0.0	1.0	0.0	6.0
NCB1312	0.0	10.0	0.0	0.0	0.0	20.0	0.0	10.0	0.0	0.0	0.0	0.0
NCB1313	0.0	10.0	0.0	0.0	0.0	20.0	0.0	10.0	0.0	0.0	0.0	0.0
NCB1314	0.0	10.0	0.0	0.0	0.0	20.0	0.0	10.0	0.0	0.0	0.0	0.0
NCB1315	10.0	0.0	0.0	0.0	0.0	20.0	0.0	0.0	0.0	0.0	0.0	10.0
NCB1316	0.0	10.0	0.0	0.0	0.0	20.0	0.0	0.0	0.0	0.0	0.0	10.0
NCB1317	10.0	0.0	0.0	0.0	0.0	20.0	0.0	0.0	0.0	0.0	0.0	10.0
NCB1318	10.0	0.0	0.0	0.0	0.0	20.0	0.0	0.0	0.0	0.0	0.0	10.0
NCB1319	10.0	0.0	0.0	0.0	0.0	20.0	0.0	0.0	0.0	0.0	0.0	10.0
NCB1320	10.0	0.0	0.0	0.0	0.0	20.0	0.0	0.0	0.0	0.0	0.0	10.0
NCB1321	10.0	0.0	0.0	0.0	0.0	20.0	0.0	0.0	0.0	0.0	0.0	10.0
NCB1322	10.0	0.0	0.0	0.0	0.0	20.0	0.0	0.0	0.0	0.0	0.0	10.0
NCB1323	10.0	0.0	0.0	0.0	0.0	20.0	0.0	0.0	0.0	0.0	0.0	10.0
NCB1324	10.0	0.0	0.0	0.0	0.0	20.0	0.0	0.0	0.0	0.0	0.0	10.0
NCB1325	10.0	0.0	0.0	0.0	0.0	20.0	0.0	0.0	0.0	0.0	0.0	10.0
NCB1326	5.0	2.0	3.0	0.0	0.0	20.0	3.0	0.0	0.0	0.0	0.0	7.0
NCB1327	0.0	6.0	4.0	0.0	0.0	20.0	4.0	3.0	0.0	1.0	0.0	2.0
NCB1328	10.0	0.0	0.0	0.0	0.0	20.0	0.0	0.0	0.0	0.0	0.0	10.0
NCB1330	10.0	0.0	0.0	0.0	0.0	20.0	0.0	0.0	0.0	0.0	0.0	10.0
NCB1331	10.0	0.0	0.0	0.0	0.0	20.0	0.0	0.0	0.0	0.0	0.0	10.0
NCB1332	10.0	0.0	0.0	0.0	0.0	20.0	0.0	0.0	0.0	0.0	0.0	10.0
NCB1333	10.0	0.0	0.0	0.0	0.0	20.0	0.0	0.0	0.0	0.0	0.0	10.0
NCB1334	0.0	10.0	0.0	0.0	0.0	20.0	0.0	10.0	0.0	0.0	0.0	0.0
NCB1335	10.0	0.0	0.0	0.0	0.0	20.0	0.0	0.0	0.0	0.0	0.0	10.0
NCB1336	10.0	0.0	0.0	0.0	0.0	20.0	0.0	0.0	0.0	0.0	0.0	10.0
NCB1337	10.0	0.0	0.0	0.0	0.0	20.0	0.0	0.0	0.0	0.0	0.0	10.0
NCB1338	10.0	0.0	0.0	0.0	0.0	20.0	0.0	0.0	0.0	0.0	0.0	10.0
NCB1339	10.0	0.0	0.0	0.0	0.0	20.0	0.0	0.0	0.0	0.0	0.0	10.0
NCB1340	6.0	4.0	0.0	0.0	0.0	20.0	0.0	0.0	0.0	0.0	0.0	10.0
NCB1341	0.0	10.0	0.0	0.0	0.0	20.0	0.0	0.0	0.0	0.0	0.0	10.0
NCB1342	0.0	10.0	0.0	0.0	0.0	20.0	0.0	0.0	0.0	0.0	0.0	10.0
NCB1343	0.0	10.0	0.0	0.0	0.0	20.0	0.0	0.0	0.0	0.0	0.0	10.0
NCB1344	10.0	0.0	0.0	0.0	0.0	20.0	0.0	0.0	0.0	0.0	0.0	10.0
NCB1345	10.0	0.0	0.0	0.0	0.0	20.0	0.0	0.0	0.0	0.0	0.0	10.0
NCB1346	0.0	10.0	0.0	0.0	0.0	20.0	0.0	0.0	0.0	0.0	0.0	10.0
NCB1347	10.0	0.0	0.0	0.0	0.0	20.0	0.0	0.0	0.0	0.0	0.0	10.0
NCB1348	10.0	0.0	0.0	0.0	0.0	20.0	0.0	0.0	0.0	0.0	0.0	10.0
NCB1349	10.0	0.0	0.0	0.0	0.0	20.0	0.0	0.0	0.0	0.0	0.0	10.0
NCB1350	10.0	0.0	0.0	0.0	0.0	20.0	0.0	0.0	0.0	0.0	0.0	10.0
NCB1351	10.0	0.0	0.0	0.0	0.0	20.0	0.0	0.0	0.0	0.0	0.0	10.0
NCB1352	10.0	0.0	0.0	0.0	0.0	20.0	0.0	0.0	0.0	0.0	0.0	10.0
NCB1353	0.0	10.0	0.0	0.0	0.0	20.0	0.0	0.0	0.0	0.0	0.0	10.0
NCB1354	10.0	0.0	0.0	0.0	0.0	20.0	0.0	0.0	0.0	0.0	0.0	10.0
NCB1355	2.0	8.0	0.0	0.0	0.0	20.0	0.0	8.0	0.0	0.0	0.0	2.0
NCB1356	0.0	10.0	0.0	0.0	0.0	20.0	0.0	0.0	0.0	0.0	0.0	10.0
NCB1357	0.0	10.0	0.0	0.0	0.0	20.0	0.0	0.0	0.0	0.0	0.0	10.0
NCB1358	0.0	0.0	10.0	2.0	0.0	20.0	7.0	0.0	0.0	0.0	5.0	0.0
NCB1359	10.0	0.0	0.0	0.0	0.0	20.0	0.0	0.0	0.0	0.0	0.0	10.0
